higher-ILS
R1: 0.125, 0.125, 0.125
R2: 0.375, 0.375, 0.375
R3: 0.375, 0.375, 0.375
R4: 0.5, 0.5, 0.5
R5: 0.375, 0.375, 0.375
R6: 0.125, 0.125, 0.125
R8: 0.125, 0.125, 0.125
R9: 0.375, 0.375, 0.375
R10: 0.375, 0.375, 0.375
R11: 0.125, 0.125, 0.125
R12: 0.5, 0.5, 0.5
R13: 0.5, 0.5, 0.5
R14: 1.0, 1.0, 1.0
R15: 0.375, 0.375, 0.375
R16: 0.5, 0.5, 0.5
R17: 0.375, 0.375, 0.375
R18: 0.5, 0.5, 0.5
R19: 0.125, 0.125, 0.125
R20: 0.75, 0.75, 0.75
lower-ILS
R3: 0.125, 0.125, 0.125
R4: 0.125, 0.125, 0.125
R5: 0.125, 0.125, 0.125
R6: 0.125, 0.125, 0.125
R13: 0.375, 0.375, 0.375
R15: 0.25, 0.25, 0.25
R16: 0.125, 0.125, 0.125
R17: 0.125, 0.125, 0.125
R19: 0.125, 0.125, 0.125
