higher-ILS
R2: 0.25, 0.25, 0.25
R3: 0.375, 0.375, 0.375
R4: 0.5, 0.5, 0.5
R5: 0.25, 0.25, 0.25
R6: 0.125, 0.125, 0.125
R8: 0.125, 0.125, 0.125
R9: 0.25, 0.25, 0.25
R10: 0.25, 0.25, 0.25
R12: 0.375, 0.375, 0.375
R13: 0.375, 0.375, 0.375
R14: 0.875, 0.875, 0.875
R15: 0.25, 0.25, 0.25
R16: 0.375, 0.375, 0.375
R17: 0.125, 0.125, 0.125
R18: 0.625, 0.625, 0.625
R19: 0.125, 0.125, 0.125
R20: 0.625, 0.625, 0.625
lower-ILS
R3: 0.125, 0.125, 0.125
R4: 0.25, 0.25, 0.25
R5: 0.125, 0.125, 0.125
R6: 0.25, 0.25, 0.25
R13: 0.375, 0.375, 0.375
R15: 0.25, 0.25, 0.25
R16: 0.125, 0.125, 0.125
R17: 0.125, 0.125, 0.125
